name: refmaker-env
channels:
  - etetoolkit
  - conda-forge
  - bioconda
  - defaults
dependencies:
  - _r-mutex=1.0.1=anacondar_1
  - bcftools=1.13=h450d709_0
  - biopython=1.78=py36h9ed2024_0
  - blast=2.12.0=h0370960_3
  - bwa=0.7.17=h1f540d2_9
  - bz2file=0.98=py_0
  - bzip2=1.0.8=h0d85af4_4
  - c-ares=1.18.1=h0d85af4_0
  - ca-certificates=2022.9.24=h033912b_0
  - cd-hit=4.8.1=h10c929f_7
  - certifi=2021.5.30=py36h79c6626_0
  - curl=7.86.0=h57eb407_1
  - cutadapt=1.18=py36h1de35cc_1
  - cycler=0.11.0=pyhd8ed1ab_0
  - dbus=1.13.6=h811a1a6_3
  - decorator=4.4.2=py_0
  - entrez-direct=16.2=h193322a_1
  - ete3=3.1.2=pyh39e3cac_0
  - expat=2.5.0=hf0c8a7f_0
  - freetype=2.12.1=h3f81eb7_0
  - gettext=0.21.1=h8a4c099_0
  - gsl=2.6=h71c5fe9_2
  - htslib=1.13=hc38c3fb_0
  - icu=64.2=h6de7cb9_1
  - joblib=1.2.0=pyhd8ed1ab_0
  - jpeg=9e=hac89ed1_2
  - kiwisolver=1.3.1=py36hc61eee1_1
  - krb5=1.19.3=hb49756b_0
  - libblas=3.9.0=16_osx64_openblas
  - libcblas=3.9.0=16_osx64_openblas
  - libcurl=7.86.0=h57eb407_1
  - libcxx=14.0.6=hccf4f1f_0
  - libdeflate=1.7=h35c211d_5
  - libedit=3.1.20191231=h0678c8f_2
  - libev=4.33=haf1e3a3_1
  - libffi=3.4.2=h0d85af4_5
  - libgcc=4.8.5=1
  - libgfortran=5.0.0=9_5_0_h97931a8_26
  - libgfortran5=11.3.0=h082f757_26
  - libglib=2.74.1=h4c723e1_1
  - libiconv=1.17=hac89ed1_0
  - libidn2=2.3.4=hb7f2c08_0
  - liblapack=3.9.0=16_osx64_openblas
  - libnghttp2=1.47.0=h7cbc4dc_1
  - libopenblas=0.3.21=openmp_h429af6e_3
  - libpng=1.6.39=ha978bb4_0
  - libsqlite=3.40.0=ha978bb4_0
  - libssh2=1.10.0=h7535e13_3
  - libtiff=4.0.9=h79f4b77_1002
  - libunistring=0.9.10=h0d85af4_0
  - libxml2=2.9.10=h53d96d6_0
  - libxslt=1.1.33=h320ff13_0
  - libzlib=1.2.13=hfd90126_4
  - llvm-openmp=15.0.5=h61d9ccf_0
  - lxml=4.6.3=py36habcf893_0
  - mafft=7.508=ha5712d3_0
  - markov_clustering=0.0.6=py_0
  - matplotlib=3.2.2=1
  - matplotlib-base=3.2.2=py36h83d3ec1_1
  - ncurses=6.2=h2e338ed_4
  - networkx=2.5.1=pyhd8ed1ab_0
  - numpy=1.19.5=py36h08b5fde_2
  - openjdk=17.0.3=hbc0c0cd_4
  - openssl=1.1.1s=hfd90126_0
  - pcre=8.45=he49afe7_0
  - pcre2=10.40=h1c4e4bc_0
  - perl=5.32.1=2_h0d85af4_perl5
  - perl-archive-tar=2.40=pl5321hdfd78af_0
  - perl-carp=1.38=pl5321hdfd78af_4
  - perl-common-sense=3.75=pl5321hdfd78af_0
  - perl-compress-raw-bzip2=2.201=pl5321h9722bc1_0
  - perl-compress-raw-zlib=2.105=pl5321h9722bc1_0
  - perl-encode=3.19=pl5321ha5712d3_1
  - perl-exporter=5.72=pl5321hdfd78af_2
  - perl-exporter-tiny=1.002002=pl5321hdfd78af_0
  - perl-extutils-makemaker=7.64=pl5321hd8ed1ab_0
  - perl-io-compress=2.201=pl5321h9722bc1_0
  - perl-io-zlib=1.11=pl5321hdfd78af_0
  - perl-json=4.10=pl5321hdfd78af_0
  - perl-json-xs=2.34=pl5321hcd10b59_5
  - perl-list-moreutils=0.430=pl5321hdfd78af_0
  - perl-list-moreutils-xs=0.430=pl5321ha5712d3_1
  - perl-parent=0.236=pl5321hdfd78af_2
  - perl-pathtools=3.75=pl5321ha5712d3_3
  - perl-scalar-list-utils=1.62=pl5321ha5712d3_0
  - perl-types-serialiser=1.01=pl5321hdfd78af_0
  - picard=2.27.4=hdfd78af_0
  - pigz=2.6=h5dbffcc_0
  - pip=21.2.4=pyhd8ed1ab_0
  - pyparsing=3.0.9=pyhd8ed1ab_0
  - pyqt=5.9.2=py36h2a560b1_4
  - python=3.6.15=haf480d7_0_cpython
  - python-dateutil=2.8.2=pyhd8ed1ab_0
  - python_abi=3.6=2_cp36m
  - qt=5.9.7=h8cf7e54_3
  - r-base=3.3.1=0
  - readline=8.1=h05e3726_0
  - samtools=1.13=h7596a89_0
  - scikit-learn=0.24.2=py36h979b75d_1
  - scipy=1.5.3=py36h4f136de_1
  - setuptools=49.6.0=py36h79c6626_3
  - sip=4.19.8=py36h0a44026_1000
  - six=1.16.0=pyh6c4a22f_0
  - spades=3.15.2=he641558_0
  - sqlite=3.37.0=h23a322b_0
  - threadpoolctl=3.1.0=pyh8a188c0_0
  - tk=8.6.12=h5dbffcc_0
  - tornado=6.1=py36hfa26744_1
  - trimal=1.4.1=hcd10b59_6
  - wget=1.20.3=h52ee1ee_1
  - wheel=0.34.2=py36_0
  - xopen=0.7.3=py_0
  - xz=5.2.6=h775f41a_0
  - zlib=1.2.13=hfd90126_4
